custom_keypoints_A: 0
custom_keypoints_B: 0
custom_matches: 0
custom_inliers: 0
opencv_keypoints_A: 2857
opencv_keypoints_B: 2351
opencv_matches: 418
opencv_inliers: 206
custom_homography: None
opencv_homography: [[1.8165076117995809, 0.18237471201857652, -1003.2993684890071], [0.38990388572288365, 1.656519028138832, -295.5565576176909], [0.0008404422591490385, 7.258722539826929e-05, 1.0]]
